+1.000000000000E+00  
+1.000000000002E+00  
+1.000000000007E+00  
+1.000000000025E+00  
+1.000000000084E+00  
+1.000000000252E+00  
+1.000000000694E+00  
+1.000000001774E+00  
+1.000000004234E+00  
+1.000000009511E+00  
+1.000000020227E+00  
+1.000000040938E+00  
+1.000000079224E+00  
+1.000000147190E+00  
+1.000000263482E+00  
+1.000000455881E+00  
+1.000000764552E+00  
+1.000001245987E+00  
+1.000001977656E+00  
+1.000003063361E+00  
+1.000004639257E+00  
+1.000006880455E+00  
+1.000010008107E+00  
+1.000014296857E+00  
+1.000020082498E+00  
+1.000027769673E+00  
+1.000037839453E+00  
+1.000050856620E+00  
+1.000067476472E+00  
+1.000088451005E+00  
+1.000114634317E+00  
+1.000146987103E+00  
+1.000186580140E+00  
+1.000234596672E+00  
+1.000292333629E+00  
+1.000361201657E+00  
+1.000442723924E+00  
+1.000538533730E+00  
+1.000650370935E+00  
+1.000780077258E+00  
+1.000929590511E+00  
+1.001100937842E+00  
+1.001296228080E+00  
+1.001517643277E+00  
+1.001767429550E+00  
+1.002047887338E+00  
+1.002361361176E+00  
+1.002710229109E+00  
+1.003096891846E+00  
+1.003523761768E+00  
+1.003993251892E+00  
+1.004507764890E+00  
+1.005069682258E+00  
+1.005681353711E+00  
+1.006345086900E+00  
+1.007063137507E+00  
+1.007837699788E+00  
+1.008670897625E+00  
+1.009564776117E+00  
+1.010521293775E+00  
+1.011542315335E+00  
+1.012629605215E+00  
+1.013784821646E+00  
+1.015009511478E+00  
+1.016305105670E+00  
+1.017672915457E+00  
+1.019114129204E+00  
+1.020629809918E+00  
+1.022220893411E+00  
+1.023888187096E+00  
+1.025632369391E+00  
+1.027453989706E+00  
+1.029353468980E+00  
+1.031331100751E+00  
+1.033387052706E+00  
+1.035521368699E+00  
+1.037733971187E+00  
+1.040024664058E+00  
+1.042393135812E+00  
+1.044838963057E+00  
+1.047361614296E+00  
+1.049960453952E+00  
+1.052634746623E+00  
+1.055383661505E+00  
+1.058206276974E+00  
+1.061101585290E+00  
+1.064068497391E+00  
+1.067105847748E+00  
+1.070212399265E+00  
+1.073386848189E+00  
+1.076627829013E+00  
+1.079933919351E+00  
+1.083303644761E+00  
+1.086735483506E+00  
+1.090227871229E+00  
+1.093779205532E+00  
+1.097387850450E+00  
+1.101052140795E+00  
+1.104770386379E+00  
+1.108540876092E+00  
+1.112361881834E+00  
+1.116231662296E+00  
+1.120148466586E+00  
+1.124110537692E+00  
+1.128116115780E+00  
+1.132163441334E+00  
+1.136250758125E+00  
+1.140376316018E+00  
+1.144538373617E+00  
+1.148735200738E+00  
+1.152965080736E+00  
+1.157226312665E+00  
+1.161517213284E+00  
+1.165836118917E+00  
+1.170181387163E+00  
+1.174551398463E+00  
+1.178944557536E+00  
+1.183359294669E+00  
+1.187794066896E+00  
+1.192247359035E+00  
+1.196717684627E+00  
+1.201203586745E+00  
+1.205703638705E+00  
+1.210216444677E+00  
+1.214740640189E+00  
+1.219274892551E+00  
+1.223817901182E+00  
+1.228368397864E+00  
+1.232925146911E+00  
+1.237486945275E+00  
+1.242052622575E+00  
+1.246621041075E+00  
+1.251191095588E+00  
+1.255761713343E+00  
+1.260331853786E+00  
+1.264900508348E+00  
+1.269466700162E+00  
+1.274029483745E+00  
+1.278587944642E+00  
+1.283141199041E+00  
+1.287688393356E+00  
+1.292228703787E+00  
+1.296761335854E+00  
+1.301285523911E+00  
+1.305800530641E+00  
+1.310305646540E+00  
+1.314800189383E+00  
+1.319283503675E+00  
+1.323754960105E+00  
+1.328213954976E+00  
+1.332659909643E+00  
+1.337092269940E+00  
+1.341510505600E+00  
+1.345914109688E+00  
+1.350302598013E+00  
+1.354675508562E+00  
+1.359032400916E+00  
+1.363372855689E+00  
+1.367696473951E+00  
+1.372002876672E+00  
+1.376291704161E+00  
+1.380562615515E+00  
+1.384815288076E+00  
+1.389049416888E+00  
+1.393264714176E+00  
+1.397460908813E+00  
+1.401637745817E+00  
+1.405794985839E+00  
+1.409932404670E+00  
+1.414049792754E+00  
+1.418146954712E+00  
+1.422223708875E+00  
+1.426279886825E+00  
+1.430315332948E+00  
+1.434329903999E+00  
+1.438323468671E+00  
+1.442295907180E+00  
+1.446247110855E+00  
+1.450176981744E+00  
+1.454085432225E+00  
+1.457972384628E+00  
+1.461837770868E+00  
+1.465681532086E+00  
+1.469503618304E+00  
+1.473303988080E+00  
+1.477082608188E+00  
+1.480839453288E+00  
+1.484574505623E+00  
+1.488287754712E+00  
+1.491979197060E+00  
+1.495648835872E+00  
+1.499296680780E+00  
+1.502922747572E+00  
+1.506527057933E+00  
+1.510109639197E+00  
+1.513670524102E+00  
+1.517209750554E+00  
+1.520727361398E+00  
+1.524223404199E+00  
+1.527697931029E+00  
+1.531150998256E+00  
+1.534582666349E+00  
+1.537992999684E+00  
+1.541382066355E+00  
+1.544749937995E+00  
+1.548096689601E+00  
+1.551422399367E+00  
+1.554727148522E+00  
+1.558011021170E+00  
+1.561274104141E+00  
+1.564516486845E+00  
+1.567738261131E+00  
+1.570939521149E+00  
+1.574120363224E+00  
+1.577280885724E+00  
+1.580421188943E+00  
+1.583541374980E+00  
+1.586641547631E+00  
+1.589721812274E+00  
+1.592782275771E+00  
+1.595823046363E+00  
+1.598844233575E+00  
+1.601845948120E+00  
+1.604828301816E+00  
+1.607791407492E+00  
+1.610735378912E+00  
+1.613660330688E+00  
+1.616566378213E+00  
+1.619453637579E+00  
+1.622322225513E+00  
+1.625172259304E+00  
+1.628003856741E+00  
+1.630817136054E+00  
+1.633612215846E+00  
+1.636389215045E+00  
+1.639148252841E+00  
+1.641889448641E+00  
+1.644612922012E+00  
+1.647318792639E+00  
+1.650007180274E+00  
+1.652678204694E+00  
+1.655331985660E+00  
+1.657968642875E+00  
+1.660588295945E+00  
+1.663191064344E+00  
+1.665777067381E+00  
+1.668346424159E+00  
+1.670899253553E+00  
+1.673435674170E+00  
+1.675955804330E+00  
+1.678459762028E+00  
+1.680947664916E+00  
+1.683419630275E+00  
+1.685875774991E+00  
+1.688316215532E+00  
+1.690741067929E+00  
+1.693150447754E+00  
+1.695544470101E+00  
+1.697923249569E+00  
+1.700286900243E+00  
+1.702635535680E+00  
+1.704969268892E+00  
+1.707288212334E+00  
+1.709592477885E+00  
+1.711882176845E+00  
+1.714157419911E+00  
+1.716418317177E+00  
+1.718664978116E+00  
+1.720897511573E+00  
+1.723116025758E+00  
+1.725320628234E+00  
+1.727511425909E+00  
+1.729688525033E+00  
+1.731852031187E+00  
+1.734002049281E+00  
+1.736138683543E+00  
+1.738262037519E+00  
+1.740372214066E+00  
+1.742469315347E+00  
+1.744553442831E+00  
+1.746624697285E+00  
+1.748683178775E+00  
+1.750728986660E+00  
+1.752762219594E+00  
+1.754782975520E+00  
+1.756791351673E+00  
+1.758787444574E+00  
+1.760771350033E+00  
+1.762743163148E+00  
+1.764702978303E+00  
+1.766650889169E+00  
+1.768586988706E+00  
+1.770511369160E+00  
+1.772424122067E+00  
+1.774325338253E+00  
+1.776215107836E+00  
+1.778093520225E+00  
+1.779960664123E+00  
+1.781816627532E+00  
+1.783661497750E+00  
+1.785495361374E+00  
+1.787318304308E+00  
+1.789130411756E+00  
+1.790931768235E+00  
+1.792722457568E+00  
+1.794502562894E+00  
+1.796272166668E+00  
+1.798031350665E+00  
+1.799780195982E+00  
+1.801518783043E+00  
+1.803247191601E+00  
+1.804965500743E+00  
+1.806673788892E+00  
+1.808372133812E+00  
+1.810060612612E+00  
+1.811739301746E+00  
+1.813408277024E+00  
+1.815067613609E+00  
+1.816717386027E+00  
+1.818357668164E+00  
+1.819988533278E+00  
+1.821610053997E+00  
+1.823222302326E+00  
+1.824825349652E+00  
+1.826419266746E+00  
+1.828004123767E+00  
+1.829579990271E+00  
+1.831146935210E+00  
+1.832705026938E+00  
+1.834254333217E+00  
+1.835794921219E+00  
+1.837326857534E+00  
+1.838850208170E+00  
+1.840365038560E+00  
+1.841871413566E+00  
+1.843369397485E+00  
+1.844859054049E+00  
+1.846340446437E+00  
+1.847813637269E+00  
+1.849278688622E+00  
+1.850735662026E+00  
+1.852184618472E+00  
+1.853625618414E+00  
+1.855058721778E+00  
+1.856483987963E+00  
+1.857901475845E+00  
+1.859311243783E+00  
+1.860713349622E+00  
+1.862107850701E+00  
+1.863494803852E+00  
+1.864874265408E+00  
+1.866246291206E+00  
+1.867610936592E+00  
+1.868968256425E+00  
+1.870318305081E+00  
+1.871661136458E+00  
+1.872996803980E+00  
+1.874325360599E+00  
+1.875646858803E+00  
+1.876961350617E+00  
+1.878268887612E+00  
+1.879569520900E+00  
+1.880863301149E+00  
+1.882150278578E+00  
+1.883430502966E+00  
+1.884704023657E+00  
+1.885970889558E+00  
+1.887231149150E+00  
+1.888484850487E+00  
+1.889732041203E+00  
+1.890972768513E+00  
+1.892207079220E+00  
+1.893435019716E+00  
+1.894656635989E+00  
+1.895871973622E+00  
+1.897081077801E+00  
+1.898283993319E+00  
+1.899480764575E+00  
+1.900671435582E+00  
+1.901856049972E+00  
+1.903034650991E+00  
