 +1.000025178734E+00  
 +1.000050985409E+00  
 +1.000096685253E+00  
 +1.000173182543E+00  
 +1.000295107116E+00  
 +1.000481270295E+00  
 +1.000754971445E+00  
 +1.001144124905E+00  
 +1.001681191062E+00  
 +1.002402909122E+00  
 +1.003349841324E+00  
 +1.004565748304E+00  
 +1.006096822855E+00  
 +1.007990814328E+00  
 +1.010296078750E+00  
 +1.013060590590E+00  
 +1.016330951328E+00  
 +1.020151427917E+00  
 +1.024563051028E+00  
 +1.029602799024E+00  
 +1.035302888979E+00  
 +1.041690191116E+00  
 +1.048785777792E+00  
 +1.056604613025E+00  
 +1.065155383510E+00  
 +1.074440467423E+00  
 +1.084456033203E+00  
 +1.095192256973E+00  
 +1.106633644505E+00  
 +1.118759441640E+00  
 +1.131544115876E+00  
 +1.144957891358E+00  
 +1.158967319786E+00  
 +1.173535870557E+00  
 +1.188624524807E+00  
 +1.204192359724E+00  
 +1.220197111403E+00  
 +1.236595706643E+00  
 +1.253344756152E+00  
 +1.270401003662E+00  
 +1.287721727388E+00  
 +1.305265091954E+00  
 +1.322990450446E+00  
 +1.340858597492E+00  
 +1.358831975305E+00  
 +1.376874835429E+00  
 +1.394953359498E+00  
 +1.413035742697E+00  
 +1.431092243826E+00  
 +1.449095205963E+00  
 +1.467019051617E+00  
 +1.484840256200E+00  
 +1.502537303356E+00  
 +1.520090625492E+00  
 +1.537482532540E+00  
 +1.554697131672E+00  
 +1.571720240398E+00  
 +1.588539295161E+00  
 +1.605143257267E+00  
 +1.621522517702E+00  
 +1.637668802140E+00  
 +1.653575077228E+00  
 +1.669235459011E+00  
 +1.684645124189E+00  
 +1.699800224730E+00  
 +1.714697806238E+00  
 +1.729335730338E+00  
 +1.743712601247E+00  
 +1.757827696627E+00  
 +1.771680902728E+00  
 +1.785272653784E+00  
 +1.798603875579E+00  
 +1.811675933055E+00  
 +1.824490581835E+00  
 +1.837049923465E+00  
 +1.849356364229E+00  
 +1.861412577317E+00  
 +1.873221468185E+00  
 +1.884786142884E+00  
 +1.896109879187E+00  
 +1.907196100319E+00  
 +1.918048351112E+00  
 +1.928670276395E+00  
 +1.939065601476E+00  
 +1.949238114532E+00  
 +1.959191650770E+00  
 +1.968930078213E+00  
 +1.978457284976E+00  
 +1.987777167907E+00  
 +1.996893622475E+00  
 +2.005810533804E+00  
 +2.014531768736E+00  
 +2.023061168851E+00  
 +2.031402544337E+00  
 +2.039559668647E+00  
 +2.047536273859E+00  
 +2.055336046676E+00  
 +2.062962625002E+00  
 +2.070419595044E+00  
 +2.077710488883E+00  
 +2.084838782456E+00  
 +2.091807893934E+00  
 +2.098621182429E+00  
 +2.105281947003E+00  
 +2.111793425954E+00  
 +2.118158796343E+00  
 +2.124381173729E+00  
 +2.130463612102E+00  
 +2.136409103975E+00  
 +2.142220580634E+00  
 +2.147900912507E+00  
 +2.153452909657E+00  
 +2.158879322362E+00  
 +2.164182841788E+00  
 +2.169366100734E+00  
 +2.174431674436E+00  
 +2.179382081430E+00  
 +2.184219784449E+00  
 +2.188947191365E+00  
 +2.193566656156E+00  
 +2.198080479900E+00  
 +2.202490911780E+00  
 +2.206800150106E+00  
 +2.211010343343E+00  
 +2.215123591148E+00  
 +2.219141945401E+00  
 +2.223067411237E+00  
 +2.226901948076E+00  
 +2.230647470640E+00  
 +2.234305849967E+00  
 +2.237878914411E+00  
 +2.241368450626E+00  
 +2.244776204547E+00  
 +2.248103882344E+00  
 +2.251353151371E+00  
 +2.254525641090E+00  
 +2.257622943984E+00  
 +2.260646616450E+00  
 +2.263598179677E+00  
 +2.266479120498E+00  
 +2.269290892237E+00  
 +2.272034915525E+00  
 +2.274712579106E+00  
 +2.277325240618E+00  
 +2.279874227362E+00  
 +2.282360837050E+00  
 +2.284786338532E+00  
 +2.287151972515E+00  
 +2.289458952247E+00  
 +2.291708464204E+00  
 +2.293901668746E+00  
 +2.296039700760E+00  
 +2.298123670287E+00  
 +2.300154663135E+00  
 +2.302133741472E+00  
 +2.304061944404E+00  
 +2.305940288540E+00  
 +2.307769768545E+00  
 +2.309551357668E+00  
 +2.311286008269E+00  
 +2.312974652321E+00  
 +2.314618201906E+00  
 +2.316217549695E+00  
 +2.317773569413E+00  
 +2.319287116297E+00  
 +2.320759027537E+00  
 +2.322190122707E+00  
 +2.323581204186E+00  
 +2.324933057562E+00  
 +2.326246452034E+00  
 +2.327522140798E+00  
 +2.328760861420E+00  
 +2.329963336206E+00  
 +2.331130272558E+00  
 +2.332262363318E+00  
 +2.333360287113E+00  
 +2.334424708677E+00  
 +2.335456279175E+00  
 +2.336455636515E+00  
 +2.337423405651E+00  
 +2.338360198880E+00  
 +2.339266616128E+00  
 +2.340143245235E+00  
 +2.340990662223E+00  
 +2.341809431567E+00  
 +2.342600106452E+00  
 +2.343363229026E+00  
 +2.344099330648E+00  
 +2.344808932126E+00  
 +2.345492543953E+00  
 +2.346150666532E+00  
 +2.346783790402E+00  
 +2.347392396452E+00  
 +2.347976956134E+00  
 +2.348537931667E+00  
 +2.349075776240E+00  
 +2.349590934204E+00  
 +2.350083841269E+00  
 +2.350554924684E+00  
 +2.351004603424E+00  
 +2.351433288363E+00  
 +2.351841382448E+00  
 +2.352229280870E+00  
 +2.352597371227E+00  
 +2.352946033681E+00  
 +2.353275641124E+00  
 +2.353586559319E+00  
 +2.353879147060E+00  
 +2.354153756311E+00  
 +2.354410732352E+00  
 +2.354650413916E+00  
 +2.354873133325E+00  
 +2.355079216622E+00  
 +2.355268983704E+00  
 +2.355442748443E+00  
 +2.355600818812E+00  
 +2.355743497008E+00  
 +2.355871079564E+00  
 +2.355983857470E+00  
 +2.356082116282E+00  
 +2.356166136233E+00  
 +2.356236192341E+00  
 +2.356292554512E+00  
 +2.356335487645E+00  
 +2.356365251731E+00  
 +2.356382101950E+00  
 +2.356386288769E+00  
 +2.356378058034E+00  
 +2.356357651065E+00  
 +2.356325304739E+00  
 +2.356281251584E+00  
 +2.356225719863E+00  
 +2.356158933654E+00  
 +2.356081112938E+00  
 +2.355992473674E+00  
 +2.355893227883E+00  
 +2.355783583717E+00  
 +2.355663745542E+00  
 +2.355533914007E+00  
 +2.355394286116E+00  
 +2.355245055301E+00  
 +2.355086411486E+00  
 +2.354918541163E+00  
 +2.354741627446E+00  
 +2.354555850146E+00  
 +2.354361385830E+00  
 +2.354158407882E+00  
 +2.353947086564E+00  
 +2.353727589079E+00  
 +2.353500079623E+00  
 +2.353264719445E+00  
 +2.353021666905E+00  
 +2.352771077523E+00  
 +2.352513104039E+00  
 +2.352247896458E+00  
 +2.351975602107E+00  
 +2.351696365684E+00  
 +2.351410329304E+00  
 +2.351117632551E+00  
 +2.350818412523E+00  
 +2.350512803880E+00  
 +2.350200938886E+00  
 +2.349882947457E+00  
 +2.349558957203E+00  
 +2.349229093469E+00  
 +2.348893479380E+00  
 +2.348552235879E+00  
 +2.348205481768E+00  
 +2.347853333748E+00  
 +2.347495906457E+00  
 +2.347133312507E+00  
 +2.346765662524E+00  
 +2.346393065178E+00  
 +2.346015627226E+00  
 +2.345633453542E+00  
 +2.345246647152E+00  
 +2.344855309270E+00  
 +2.344459539325E+00  
 +2.344059435001E+00  
 +2.343655092262E+00  
 +2.343246605388E+00  
 +2.342834067001E+00  
 +2.342417568096E+00  
 +2.341997198073E+00  
 +2.341573044762E+00  
 +2.341145194454E+00  
 +2.340713731925E+00  
 +2.340278740467E+00  
 +2.339840301912E+00  
 +2.339398496658E+00  
 +2.338953403697E+00  
 +2.338505100635E+00  
 +2.338053663723E+00  
 +2.337599167876E+00  
 +2.337141686697E+00  
 +2.336681292505E+00  
 +2.336218056351E+00  
 +2.335752048046E+00  
 +2.335283336177E+00  
 +2.334811988137E+00  
 +2.334338070135E+00  
 +2.333861647228E+00  
 +2.333382783333E+00  
 +2.332901541250E+00  
 +2.332417982682E+00  
 +2.331932168253E+00  
 +2.331444157528E+00  
 +2.330954009031E+00  
 +2.330461780262E+00  
 +2.329967527716E+00  
 +2.329471306902E+00  
 +2.328973172354E+00  
 +2.328473177658E+00  
 +2.327971375459E+00  
 +2.327467817481E+00  
 +2.326962554545E+00  
 +2.326455636580E+00  
 +2.325947112642E+00  
 +2.325437030929E+00  
 +2.324925438792E+00  
 +2.324412382756E+00  
 +2.323897908527E+00  
 +2.323382061012E+00  
 +2.322864884328E+00  
 +2.322346421819E+00  
 +2.321826716069E+00  
 +2.321305808911E+00  
 +2.320783741447E+00  
 +2.320260554052E+00  
 +2.319736286394E+00  
 +2.319210977442E+00  
 +2.318684665477E+00  
 +2.318157388107E+00  
 +2.317629182277E+00  
 +2.317100084279E+00  
 +2.316570129765E+00  
 +2.316039353756E+00  
 +2.315507790656E+00  
 +2.314975474258E+00  
 +2.314442437756E+00  
 +2.313908713759E+00  
 +2.313374334293E+00  
 +2.312839330819E+00  
 +2.312303734238E+00  
 +2.311767574900E+00  
 +2.311230882615E+00  
 +2.310693686664E+00  
 +2.310156015802E+00  
 +2.309617898274E+00  
 +2.309079361816E+00  
 +2.308540433671E+00  
 +2.308001140593E+00  
 +2.307461508856E+00  
 +2.306921564259E+00  
 +2.306381332143E+00  
 +2.305840837386E+00  
 +2.305300104423E+00  
 +2.304759157245E+00  
 +2.304218019410E+00  
 +2.303676714047E+00  
 +2.303135263871E+00  
 +2.302593691178E+00  
 +2.302052017864E+00  
 +2.301510265422E+00  
 +2.300968454956E+00  
 +2.300426607182E+00  
 +2.299884742438E+00  
 +2.299342880689E+00  
 +2.298801041533E+00  
 +2.298259244206E+00  
 +2.297717507591E+00  
 +2.297175850223E+00  
 +2.296634290291E+00  
 +2.296092845648E+00  
 +2.295551533817E+00  
 +2.295010371993E+00  
 +2.294469377049E+00  
 +2.293928565544E+00  
 +2.293387953727E+00  
 +2.292847557541E+00  
 +2.292307392628E+00  
