+1.010012300497E+00  
+1.013253580442E+00  
+1.017154971646E+00  
+1.021772661979E+00  
+1.027156891177E+00  
+1.033350618830E+00  
+1.040388387231E+00  
+1.048295452252E+00  
+1.057087228182E+00  
+1.066769063892E+00  
+1.077336341989E+00  
+1.088774872079E+00  
+1.101061534789E+00  
+1.114165124781E+00  
+1.128047337874E+00  
+1.142663848516E+00  
+1.157965428199E+00  
+1.173899061717E+00  
+1.190409025673E+00  
+1.207437901456E+00  
+1.224927502460E+00  
+1.242819702320E+00  
+1.261057156974E+00  
+1.279583918444E+00  
+1.298345942315E+00  
+1.317291493940E+00  
+1.336371460614E+00  
+1.355539578394E+00  
+1.374752583027E+00  
+1.393970294706E+00  
+1.413155646267E+00  
+1.432274664000E+00  
+1.451296409628E+00  
+1.470192891246E+00  
+1.488938950206E+00  
+1.507512130067E+00  
+1.525892532926E+00  
+1.544062667643E+00  
+1.562007293732E+00  
+1.579713264050E+00  
+1.597169368794E+00  
+1.614366182805E+00  
+1.631295917703E+00  
+1.647952280030E+00  
+1.664330336189E+00  
+1.680426384739E+00  
+1.696237836361E+00  
+1.711763101616E+00  
+1.727001486503E+00  
+1.741953095668E+00  
+1.756618743051E+00  
+1.770999869704E+00  
+1.785098468439E+00  
+1.798917014945E+00  
+1.812458405009E+00  
+1.825725897454E+00  
+1.838723062395E+00  
+1.851453734447E+00  
+1.863921970521E+00  
+1.876132011828E+00  
+1.888088249776E+00  
+1.899795195429E+00  
+1.911257452221E+00  
+1.922479691647E+00  
+1.933466631663E+00  
+1.944223017551E+00  
+1.954753605014E+00  
+1.965063145303E+00  
+1.975156372172E+00  
+1.985037990479E+00  
+1.994712666292E+00  
+2.004185018319E+00  
+2.013459610557E+00  
+2.022540946011E+00  
+2.031433461388E+00  
+2.040141522655E+00  
+2.048669421365E+00  
+2.057021371678E+00  
+2.065201507994E+00  
+2.073213883120E+00  
+2.081062466932E+00  
+2.088751145455E+00  
+2.096283720313E+00  
+2.103663908519E+00  
+2.110895342548E+00  
+2.117981570659E+00  
+2.124926057441E+00  
+2.131732184545E+00  
+2.138403251582E+00  
+2.144942477156E+00  
+2.151353000022E+00  
+2.157637880332E+00  
+2.163800100981E+00  
+2.169842569002E+00  
+2.175768117030E+00  
+2.181579504801E+00  
+2.187279420687E+00  
+2.192870483254E+00  
+2.198355242833E+00  
+2.203736183103E+00  
+2.209015722673E+00  
+2.214196216665E+00  
+2.219279958279E+00  
+2.224269180360E+00  
+2.229166056939E+00  
+2.233972704758E+00  
+2.238691184775E+00  
+2.243323503644E+00  
+2.247871615174E+00  
+2.252337421755E+00  
+2.256722775761E+00  
+2.261029480921E+00  
+2.265259293663E+00  
+2.269413924428E+00  
+2.273495038953E+00  
+2.277504259518E+00  
+2.281443166175E+00  
+2.285313297932E+00  
+2.289116153915E+00  
+2.292853194498E+00  
+2.296525842404E+00  
+2.300135483771E+00  
+2.303683469194E+00  
+2.307171114737E+00  
+2.310599702917E+00  
+2.313970483656E+00  
+2.317284675213E+00  
+2.320543465081E+00  
+2.323748010866E+00  
+2.326899441134E+00  
+2.329998856236E+00  
+2.333047329107E+00  
+2.336045906047E+00  
+2.338995607467E+00  
+2.341897428628E+00  
+2.344752340343E+00  
+2.347561289668E+00  
+2.350325200569E+00  
+2.353044974569E+00  
+2.355721491373E+00  
+2.358355609479E+00  
+2.360948166768E+00  
+2.363499981072E+00  
+2.366011850735E+00  
+2.368484555145E+00  
+2.370918855262E+00  
+2.373315494117E+00  
+2.375675197308E+00  
+2.377998673472E+00  
+2.380286614751E+00  
+2.382539697232E+00  
+2.384758581391E+00  
+2.386943912504E+00  
+2.389096321061E+00  
+2.391216423163E+00  
+2.393304820900E+00  
+2.395362102732E+00  
+2.397388843841E+00  
+2.399385606490E+00  
+2.401352940361E+00  
+2.403291382882E+00  
+2.405201459550E+00  
+2.407083684243E+00  
+2.408938559522E+00  
+2.410766576918E+00  
+2.412568217226E+00  
+2.414343950774E+00  
+2.416094237692E+00  
+2.417819528175E+00  
+2.419520262733E+00  
+2.421196872439E+00  
+2.422849779162E+00  
+2.424479395806E+00  
+2.426086126528E+00  
+2.427670366961E+00  
+2.429232504423E+00  
+2.430772918126E+00  
+2.432291979372E+00  
+2.433790051754E+00  
+2.435267491337E+00  
+2.436724646851E+00  
+2.438161859861E+00  
+2.439579464946E+00  
+2.440977789867E+00  
+2.442357155731E+00  
+2.443717877148E+00  
+2.445060262391E+00  
+2.446384613543E+00  
+2.447691226645E+00  
+2.448980391841E+00  
+2.450252393515E+00  
+2.451507510423E+00  
+2.452746015832E+00  
+2.453968177642E+00  
+2.455174258512E+00  
+2.456364515983E+00  
+2.457539202594E+00  
+2.458698565997E+00  
+2.459842849070E+00  
+2.460972290025E+00  
+2.462087122516E+00  
+2.463187575737E+00  
+2.464273874530E+00  
+2.465346239476E+00  
+2.466404886995E+00  
+2.467450029436E+00  
+2.468481875171E+00  
+2.469500628679E+00  
+2.470506490634E+00  
+2.471499657990E+00  
+2.472480324061E+00  
+2.473448678601E+00  
+2.474404907880E+00  
+2.475349194762E+00  
+2.476281718779E+00  
+2.477202656199E+00  
+2.478112180101E+00  
+2.479010460440E+00  
+2.479897664115E+00  
+2.480773955032E+00  
+2.481639494171E+00  
+2.482494439644E+00  
+2.483338946760E+00  
+2.484173168077E+00  
+2.484997253468E+00  
+2.485811350168E+00  
+2.486615602836E+00  
+2.487410153604E+00  
+2.488195142133E+00  
+2.488970705659E+00  
+2.489736979046E+00  
+2.490494094833E+00  
+2.491242183285E+00  
+2.491981372431E+00  
+2.492711788119E+00  
+2.493433554052E+00  
+2.494146791837E+00  
+2.494851621022E+00  
+2.495548159142E+00  
+2.496236521754E+00  
+2.496916822481E+00  
+2.497589173047E+00  
+2.498253683315E+00  
+2.498910461326E+00  
+2.499559613331E+00  
+2.500201243828E+00  
+2.500835455597E+00  
+2.501462349730E+00  
+2.502082025669E+00  
+2.502694581231E+00  
+2.503300112646E+00  
+2.503898714584E+00  
+2.504490480182E+00  
+2.505075501082E+00  
+2.505653867447E+00  
+2.506225668002E+00  
+2.506790990052E+00  
+2.507349919511E+00  
+2.507902540929E+00  
+2.508448937520E+00  
+2.508989191181E+00  
+2.509523382520E+00  
+2.510051590882E+00  
+2.510573894368E+00  
+2.511090369859E+00  
+2.511601093042E+00  
+2.512106138428E+00  
+2.512605579372E+00  
+2.513099488102E+00  
+2.513587935730E+00  
+2.514070992277E+00  
+2.514548726694E+00  
+2.515021206878E+00  
+2.515488499693E+00  
+2.515950670987E+00  
+2.516407785611E+00  
+2.516859907438E+00  
+2.517307099378E+00  
+2.517749423396E+00  
+2.518186940529E+00  
+2.518619710903E+00  
+2.519047793748E+00  
+2.519471247411E+00  
+2.519890129379E+00  
+2.520304496287E+00  
+2.520714403933E+00  
+2.521119907298E+00  
+2.521521060554E+00  
+2.521917917083E+00  
+2.522310529486E+00  
+2.522698949599E+00  
+2.523083228507E+00  
+2.523463416554E+00  
+2.523839563357E+00  
+2.524211717819E+00  
+2.524579928140E+00  
+2.524944241829E+00  
+2.525304705717E+00  
+2.525661365965E+00  
+2.526014268080E+00  
+2.526363456921E+00  
+2.526708976715E+00  
+2.527050871061E+00  
+2.527389182947E+00  
+2.527723954755E+00  
+2.528055228275E+00  
+2.528383044711E+00  
+2.528707444693E+00  
+2.529028468287E+00  
+2.529346155001E+00  
+2.529660543797E+00  
+2.529971673099E+00  
+2.530279580801E+00  
+2.530584304277E+00  
+2.530885880388E+00  
+2.531184345491E+00  
+2.531479735447E+00  
+2.531772085626E+00  
+2.532061430923E+00  
+2.532347805755E+00  
+2.532631244077E+00  
+2.532911779383E+00  
+2.533189444720E+00  
+2.533464272688E+00  
+2.533736295453E+00  
+2.534005544748E+00  
+2.534272051885E+00  
+2.534535847761E+00  
+2.534796962859E+00  
+2.535055427261E+00  
+2.535311270651E+00  
+2.535564522322E+00  
+2.535815211181E+00  
+2.536063365756E+00  
+2.536309014201E+00  
+2.536552184304E+00  
+2.536792903487E+00  
+2.537031198820E+00  
+2.537267097019E+00  
+2.537500624453E+00  
+2.537731807153E+00  
+2.537960670813E+00  
+2.538187240796E+00  
+2.538411542140E+00  
+2.538633599563E+00  
+2.538853437466E+00  
+2.539071079939E+00  
+2.539286550765E+00  
+2.539499873427E+00  
+2.539711071108E+00  
+2.539920166699E+00  
+2.540127182802E+00  
+2.540332141735E+00  
+2.540535065535E+00  
+2.540735975962E+00  
+2.540934894505E+00  
+2.541131842384E+00  
+2.541326840555E+00  
+2.541519909714E+00  
+2.541711070298E+00  
+2.541900342494E+00  
+2.542087746237E+00  
+2.542273301217E+00  
+2.542457026883E+00  
+2.542638942443E+00  
+2.542819066872E+00  
+2.542997418910E+00  
+2.543174017070E+00  
+2.543348879641E+00  
+2.543522024687E+00  
+2.543693470054E+00  
+2.543863233371E+00  
+2.544031332056E+00  
+2.544197783316E+00  
+2.544362604149E+00  
+2.544525811353E+00  
+2.544687421519E+00  
+2.544847451046E+00  
+2.545005916131E+00  
+2.545162832783E+00  
+2.545318216817E+00  
