+1.480874978679E+00  
+1.527970716110E+00  
+1.572395870876E+00  
+1.614083864787E+00  
+1.653073745658E+00  
+1.689473375133E+00  
+1.723431627874E+00  
+1.755118347024E+00  
+1.784710504793E+00  
+1.812383081028E+00  
+1.838303390954E+00  
+1.862627851375E+00  
+1.885500416552E+00  
+1.907052118695E+00  
+1.927401309098E+00  
+1.946654318117E+00  
+1.964906342126E+00  
+1.982242430206E+00  
+1.998738488887E+00  
+2.014462254719E+00  
+2.029474205882E+00  
+2.043828398191E+00  
+2.057573220133E+00  
+2.070752067278E+00  
+2.083403939863E+00  
+2.095563969242E+00  
+2.107263879709E+00  
+2.118532392460E+00  
+2.129395578245E+00  
+2.139877164895E+00  
+2.149998805342E+00  
+2.159780311220E+00  
+2.169239856568E+00  
+2.178394155594E+00  
+2.187258617982E+00  
+2.195847484775E+00  
+2.204173947438E+00  
+2.212250252380E+00  
+2.220087792887E+00  
+2.227697190149E+00  
+2.235088364816E+00  
+2.242270600362E+00  
+2.249252599286E+00  
+2.256042533114E+00  
+2.262648086966E+00  
+2.269076499381E+00  
+2.275334598004E+00  
+2.281428831617E+00  
+2.287365298982E+00  
+2.293149774851E+00  
+2.298787733504E+00  
+2.304284370063E+00  
+2.309644619870E+00  
+2.314873176118E+00  
+2.319974505942E+00  
+2.324952865123E+00  
+2.329812311562E+00  
+2.334556717641E+00  
+2.339189781595E+00  
+2.343715037977E+00  
+2.348135867324E+00  
+2.352455505084E+00  
+2.356677049886E+00  
+2.360803471195E+00  
+2.364837616437E+00  
+2.368782217609E+00  
+2.372639897437E+00  
+2.376413175123E+00  
+2.380104471702E+00  
+2.383716115049E+00  
+2.387250344565E+00  
+2.390709315567E+00  
+2.394095103403E+00  
+2.397409707307E+00  
+2.400655054036E+00  
+2.403833001270E+00  
+2.406945340830E+00  
+2.409993801695E+00  
+2.412980052858E+00  
+2.415905706006E+00  
+2.418772318066E+00  
+2.421581393601E+00  
+2.424334387075E+00  
+2.427032705001E+00  
+2.429677707970E+00  
+2.432270712581E+00  
+2.434812993259E+00  
+2.437305783987E+00  
+2.439750279951E+00  
+2.442147639098E+00  
+2.444498983621E+00  
+2.446805401361E+00  
+2.449067947157E+00  
+2.451287644114E+00  
+2.453465484821E+00  
+2.455602432510E+00  
+2.457699422156E+00  
+2.459757361528E+00  
+2.461777132196E+00  
+2.463759590487E+00  
+2.465705568399E+00  
+2.467615874476E+00  
+2.469491294641E+00  
+2.471332592995E+00  
+2.473140512582E+00  
+2.474915776117E+00  
+2.476659086688E+00  
+2.478371128424E+00  
+2.480052567136E+00  
+2.481704050933E+00  
+2.483326210812E+00  
+2.484919661221E+00  
+2.486485000603E+00  
+2.488022811917E+00  
+2.489533663134E+00  
+2.491018107723E+00  
+2.492476685106E+00  
+2.493909921102E+00  
+2.495318328358E+00  
+2.496702406751E+00  
+2.498062643787E+00  
+2.499399514978E+00  
+2.500713484207E+00  
+2.502005004079E+00  
+2.503274516261E+00  
+2.504522451804E+00  
+2.505749231461E+00  
+2.506955265986E+00  
+2.508140956428E+00  
+2.509306694413E+00  
+2.510452862414E+00  
+2.511579834011E+00  
+2.512687974147E+00  
+2.513777639373E+00  
+2.514849178078E+00  
+2.515902930722E+00  
+2.516939230054E+00  
+2.517958401324E+00  
+2.518960762488E+00  
+2.519946624408E+00  
+2.520916291045E+00  
+2.521870059640E+00  
+2.522808220899E+00  
+2.523731059163E+00  
+2.524638852581E+00  
+2.525531873267E+00  
+2.526410387461E+00  
+2.527274655682E+00  
+2.528124932875E+00  
+2.528961468555E+00  
+2.529784506947E+00  
+2.530594287117E+00  
+2.531391043107E+00  
+2.532175004059E+00  
+2.532946394339E+00  
+2.533705433653E+00  
+2.534452337168E+00  
+2.535187315621E+00  
+2.535910575427E+00  
+2.536622318786E+00  
+2.537322743784E+00  
+2.538012044497E+00  
+2.538690411080E+00  
+2.539358029870E+00  
+2.540015083470E+00  
+2.540661750840E+00  
+2.541298207385E+00  
+2.541924625037E+00  
+2.542541172335E+00  
+2.543148014508E+00  
+2.543745313549E+00  
+2.544333228290E+00  
+2.544911914476E+00  
+2.545481524834E+00  
+2.546042209145E+00  
+2.546594114309E+00  
+2.547137384407E+00  
+2.547672160773E+00  
+2.548198582048E+00  
+2.548716784241E+00  
+2.549226900794E+00  
+2.549729062631E+00  
+2.550223398218E+00  
+2.550710033618E+00  
+2.551189092539E+00  
+2.551660696391E+00  
+2.552124964332E+00  
+2.552582013319E+00  
+2.553031958155E+00  
+2.553474911534E+00  
+2.553910984089E+00  
+2.554340284434E+00  
+2.554762919205E+00  
+2.555178993108E+00  
+2.555588608955E+00  
+2.555991867703E+00  
+2.556388868498E+00  
+2.556779708707E+00  
+2.557164483959E+00  
+2.557543288181E+00  
+2.557916213631E+00  
+2.558283350934E+00  
+2.558644789114E+00  
+2.559000615629E+00  
+2.559350916403E+00  
+2.559695775854E+00  
+2.560035276927E+00  
+2.560369501125E+00  
+2.560698528535E+00  
+2.561022437858E+00  
+2.561341306438E+00  
+2.561655210287E+00  
+2.561964224111E+00  
+2.562268421338E+00  
+2.562567874144E+00  
+2.562862653473E+00  
+2.563152829068E+00  
+2.563438469487E+00  
+2.563719642133E+00  
+2.563996413273E+00  
+2.564268848057E+00  
+2.564537010549E+00  
+2.564800963736E+00  
+2.565060769560E+00  
+2.565316488930E+00  
+2.565568181744E+00  
+2.565815906912E+00  
+2.566059722368E+00  
+2.566299685095E+00  
+2.566535851138E+00  
+2.566768275626E+00  
+2.566997012785E+00  
+2.567222115958E+00  
+2.567443637621E+00  
+2.567661629398E+00  
+2.567876142077E+00  
+2.568087225628E+00  
+2.568294929213E+00  
+2.568499301206E+00  
+2.568700389207E+00  
+2.568898240052E+00  
+2.569092899830E+00  
+2.569284413899E+00  
+2.569472826893E+00  
+2.569658182741E+00  
+2.569840524678E+00  
+2.570019895256E+00  
+2.570196336357E+00  
+2.570369889206E+00  
+2.570540594383E+00  
+2.570708491832E+00  
+2.570873620876E+00  
+2.571036020225E+00  
+2.571195727987E+00  
+2.571352781681E+00  
+2.571507218247E+00  
+2.571659074052E+00  
+2.571808384907E+00  
+2.571955186070E+00  
+2.572099512261E+00  
+2.572241397667E+00  
+2.572380875955E+00  
+2.572517980278E+00  
+2.572652743287E+00  
+2.572785197135E+00  
+2.572915373492E+00  
+2.573043303548E+00  
+2.573169018022E+00  
+2.573292547174E+00  
+2.573413920806E+00  
+2.573533168278E+00  
+2.573650318508E+00  
+2.573765399983E+00  
+2.573878440768E+00  
+2.573989468510E+00  
+2.574098510445E+00  
+2.574205593409E+00  
+2.574310743837E+00  
+2.574413987780E+00  
+2.574515350901E+00  
+2.574614858490E+00  
+2.574712535465E+00  
+2.574808406379E+00  
+2.574902495427E+00  
+2.574994826452E+00  
+2.575085422952E+00  
+2.575174308080E+00  
+2.575261504659E+00  
+2.575347035176E+00  
+2.575430921800E+00  
+2.575513186375E+00  
+2.575593850436E+00  
+2.575672935205E+00  
+2.575750461602E+00  
+2.575826450249E+00  
+2.575900921473E+00  
+2.575973895309E+00  
+2.576045391512E+00  
+2.576115429552E+00  
+2.576184028627E+00  
+2.576251207661E+00  
+2.576316985313E+00  
+2.576381379977E+00  
+2.576444409790E+00  
+2.576506092634E+00  
+2.576566446141E+00  
+2.576625487695E+00  
+2.576683234438E+00  
+2.576739703273E+00  
+2.576794910868E+00  
+2.576848873660E+00  
+2.576901607857E+00  
+2.576953129443E+00  
+2.577003454181E+00  
+2.577052597618E+00  
+2.577100575085E+00  
+2.577147401703E+00  
+2.577193092384E+00  
+2.577237661839E+00  
+2.577281124576E+00  
+2.577323494903E+00  
+2.577364786935E+00  
+2.577405014595E+00  
+2.577444191616E+00  
+2.577482331545E+00  
+2.577519447745E+00  
+2.577555553400E+00  
+2.577590661513E+00  
+2.577624784914E+00  
+2.577657936260E+00  
+2.577690128038E+00  
+2.577721372566E+00  
+2.577751681998E+00  
+2.577781068327E+00  
+2.577809543384E+00  
+2.577837118842E+00  
+2.577863806219E+00  
+2.577889616881E+00  
+2.577914562043E+00  
+2.577938652769E+00  
+2.577961899979E+00  
+2.577984314449E+00  
+2.578005906810E+00  
+2.578026687557E+00  
+2.578046667044E+00  
+2.578065855490E+00  
+2.578084262980E+00  
+2.578101899466E+00  
+2.578118774772E+00  
+2.578134898593E+00  
+2.578150280495E+00  
+2.578164929923E+00  
+2.578178856198E+00  
+2.578192068520E+00  
+2.578204575969E+00  
+2.578216387508E+00  
+2.578227511984E+00  
+2.578237958132E+00  
+2.578247734570E+00  
+2.578256849810E+00  
+2.578265312250E+00  
+2.578273130184E+00  
+2.578280311797E+00  
+2.578286865171E+00  
+2.578292798284E+00  
+2.578298119012E+00  
+2.578302835131E+00  
+2.578306954318E+00  
+2.578310484152E+00  
+2.578313432115E+00  
+2.578315805597E+00  
+2.578317611891E+00  
+2.578318858200E+00  
+2.578319551636E+00  
+2.578319699219E+00  
+2.578319307884E+00  
+2.578318384475E+00  
+2.578316935754E+00  
+2.578314968394E+00  
+2.578312488988E+00  
+2.578309504045E+00  
