+1.001908793726E+00  
+1.002913018786E+00  
+1.004272703383E+00  
+1.006054045889E+00  
+1.008321772858E+00  
+1.011136916078E+00  
+1.014554884289E+00  
+1.018623900186E+00  
+1.023383835154E+00  
+1.028865443386E+00  
+1.035089973990E+00  
+1.042069123738E+00  
+1.049805283336E+00  
+1.058292025220E+00  
+1.067514779930E+00  
+1.077451649976E+00  
+1.088074314022E+00  
+1.099348979372E+00  
+1.111237346713E+00  
+1.123697557189E+00  
+1.136685098077E+00  
+1.150153649039E+00  
+1.164055856264E+00  
+1.178344026414E+00  
+1.192970736289E+00  
+1.207889357423E+00  
+1.223054497424E+00  
+1.238422361889E+00  
+1.253951042205E+00  
+1.269600735466E+00  
+1.285333903359E+00  
+1.301115377065E+00  
+1.316912415203E+00  
+1.332694721607E+00  
+1.348434429365E+00  
+1.364106057039E+00  
+1.379686442478E+00  
+1.395154659055E+00  
+1.410491918599E+00  
+1.425681464722E+00  
+1.440708459746E+00  
+1.455559867905E+00  
+1.470224337086E+00  
+1.484692080945E+00  
+1.498954762892E+00  
+1.513005383111E+00  
+1.526838169521E+00  
+1.540448473354E+00  
+1.553832669798E+00  
+1.566988064045E+00  
+1.579912802877E+00  
+1.592605791885E+00  
+1.605066618254E+00  
+1.617295479041E+00  
+1.629293114781E+00  
+1.641060748210E+00  
+1.652600027907E+00  
+1.663912976580E+00  
+1.675001943766E+00  
+1.685869562653E+00  
+1.696518710782E+00  
+1.706952474356E+00  
+1.717174115903E+00  
+1.727187045049E+00  
+1.736994792154E+00  
+1.746600984604E+00  
+1.756009325520E+00  
+1.765223574707E+00  
+1.774247531643E+00  
+1.783085020322E+00  
+1.791739875810E+00  
+1.800215932341E+00  
+1.808517012819E+00  
+1.816646919597E+00  
+1.824609426415E+00  
+1.832408271376E+00  
+1.840047150875E+00  
+1.847529714370E+00  
+1.854859559926E+00  
+1.862040230448E+00  
+1.869075210524E+00  
+1.875967923834E+00  
+1.882721731042E+00  
+1.889339928141E+00  
+1.895825745180E+00  
+1.902182345355E+00  
+1.908412824395E+00  
+1.914520210232E+00  
+1.920507462915E+00  
+1.926377474725E+00  
+1.932133070490E+00  
+1.937777008051E+00  
+1.943311978877E+00  
+1.948740608799E+00  
+1.954065458848E+00  
+1.959289026182E+00  
+1.964413745089E+00  
+1.969441988057E+00  
+1.974376066884E+00  
+1.979218233845E+00  
+1.983970682879E+00  
+1.988635550811E+00  
+1.993214918586E+00  
+1.997710812519E+00  
+2.002125205550E+00  
+2.006460018501E+00  
+2.010717121331E+00  
+2.014898334389E+00  
+2.019005429651E+00  
+2.023040131952E+00  
+2.027004120200E+00  
+2.030899028573E+00  
+2.034726447707E+00  
+2.038487925851E+00  
+2.042184970012E+00  
+2.045819047075E+00  
+2.049391584901E+00  
+2.052903973403E+00  
+2.056357565594E+00  
+2.059753678621E+00  
+2.063093594764E+00  
+2.066378562419E+00  
+2.069609797053E+00  
+2.072788482136E+00  
+2.075915770050E+00  
+2.078992782973E+00  
+2.082020613737E+00  
+2.085000326672E+00  
+2.087932958416E+00  
+2.090819518708E+00  
+2.093660991161E+00  
+2.096458334006E+00  
+2.099212480825E+00  
+2.101924341250E+00  
+2.104594801659E+00  
+2.107224725831E+00  
+2.109814955601E+00  
+2.112366311483E+00  
+2.114879593281E+00  
+2.117355580681E+00  
+2.119795033820E+00  
+2.122198693848E+00  
+2.124567283463E+00  
+2.126901507437E+00  
+2.129202053122E+00  
+2.131469590945E+00  
+2.133704774882E+00  
+2.135908242922E+00  
+2.138080617521E+00  
+2.140222506028E+00  
+2.142334501116E+00  
+2.144417181188E+00  
+2.146471110772E+00  
+2.148496840909E+00  
+2.150494909526E+00  
+2.152465841798E+00  
+2.154410150496E+00  
+2.156328336334E+00  
+2.158220888291E+00  
+2.160088283940E+00  
+2.161930989749E+00  
+2.163749461392E+00  
+2.165544144033E+00  
+2.167315472615E+00  
+2.169063872131E+00  
+2.170789757894E+00  
+2.172493535792E+00  
+2.174175602542E+00  
+2.175836345934E+00  
+2.177476145063E+00  
+2.179095370563E+00  
+2.180694384826E+00  
+2.182273542221E+00  
+2.183833189300E+00  
+2.185373665005E+00  
+2.186895300863E+00  
+2.188398421179E+00  
+2.189883343220E+00  
+2.191350377399E+00  
+2.192799827446E+00  
+2.194231990584E+00  
+2.195647157688E+00  
+2.197045613451E+00  
+2.198427636536E+00  
+2.199793499732E+00  
+2.201143470097E+00  
+2.202477809101E+00  
+2.203796772771E+00  
+2.205100611816E+00  
+2.206389571769E+00  
+2.207663893106E+00  
+2.208923811375E+00  
+2.210169557314E+00  
+2.211401356969E+00  
+2.212619431808E+00  
+2.213823998830E+00  
+2.215015270676E+00  
+2.216193455730E+00  
+2.217358758224E+00  
+2.218511378333E+00  
+2.219651512277E+00  
+2.220779352408E+00  
+2.221895087306E+00  
+2.222998901867E+00  
+2.224090977387E+00  
+2.225171491647E+00  
+2.226240618996E+00  
+2.227298530428E+00  
+2.228345393663E+00  
+2.229381373218E+00  
+2.230406630484E+00  
+2.231421323794E+00  
+2.232425608497E+00  
+2.233419637020E+00  
+2.234403558940E+00  
+2.235377521042E+00  
+2.236341667388E+00  
+2.237296139371E+00  
+2.238241075781E+00  
+2.239176612859E+00  
+2.240102884352E+00  
+2.241020021573E+00  
+2.241928153450E+00  
+2.242827406578E+00  
+2.243717905275E+00  
+2.244599771624E+00  
+2.245473125528E+00  
+2.246338084753E+00  
+2.247194764976E+00  
+2.248043279828E+00  
+2.248883740939E+00  
+2.249716257980E+00  
+2.250540938705E+00  
+2.251357888990E+00  
+2.252167212875E+00  
+2.252969012600E+00  
+2.253763388645E+00  
+2.254550439764E+00  
+2.255330263023E+00  
+2.256102953833E+00  
+2.256868605988E+00  
+2.257627311693E+00  
+2.258379161599E+00  
+2.259124244835E+00  
+2.259862649040E+00  
+2.260594460390E+00  
+2.261319763630E+00  
+2.262038642103E+00  
+2.262751177775E+00  
+2.263457451268E+00  
+2.264157541880E+00  
+2.264851527618E+00  
+2.265539485218E+00  
+2.266221490174E+00  
+2.266897616761E+00  
+2.267567938057E+00  
+2.268232525970E+00  
+2.268891451258E+00  
+2.269544783552E+00  
+2.270192591378E+00  
+2.270834942179E+00  
+2.271471902336E+00  
+2.272103537183E+00  
+2.272729911037E+00  
+2.273351087208E+00  
+2.273967128024E+00  
+2.274578094844E+00  
+2.275184048084E+00  
+2.275785047227E+00  
+2.276381150846E+00  
+2.276972416616E+00  
+2.277558901336E+00  
+2.278140660941E+00  
+2.278717750521E+00  
+2.279290224334E+00  
+2.279858135823E+00  
+2.280421537629E+00  
+2.280980481610E+00  
+2.281535018850E+00  
+2.282085199674E+00  
+2.282631073665E+00  
+2.283172689675E+00  
+2.283710095839E+00  
+2.284243339585E+00  
+2.284772467650E+00  
+2.285297526092E+00  
+2.285818560301E+00  
+2.286335615009E+00  
+2.286848734305E+00  
+2.287357961647E+00  
+2.287863339866E+00  
+2.288364911187E+00  
+2.288862717230E+00  
+2.289356799028E+00  
+2.289847197032E+00  
+2.290333951124E+00  
+2.290817100627E+00  
+2.291296684311E+00  
+2.291772740407E+00  
+2.292245306612E+00  
+2.292714420102E+00  
+2.293180117538E+00  
+2.293642435076E+00  
+2.294101408375E+00  
+2.294557072605E+00  
+2.295009462456E+00  
+2.295458612147E+00  
+2.295904555430E+00  
+2.296347325602E+00  
+2.296786955510E+00  
+2.297223477560E+00  
+2.297656923723E+00  
+2.298087325541E+00  
+2.298514714138E+00  
+2.298939120224E+00  
+2.299360574100E+00  
+2.299779105669E+00  
+2.300194744439E+00  
+2.300607519532E+00  
+2.301017459686E+00  
+2.301424593266E+00  
+2.301828948268E+00  
+2.302230552322E+00  
+2.302629432705E+00  
+2.303025616337E+00  
+2.303419129796E+00  
+2.303809999317E+00  
+2.304198250799E+00  
+2.304583909813E+00  
+2.304967001602E+00  
+2.305347551091E+00  
+2.305725582889E+00  
+2.306101121296E+00  
+2.306474190304E+00  
+2.306844813608E+00  
+2.307213014604E+00  
+2.307578816396E+00  
+2.307942241804E+00  
+2.308303313363E+00  
+2.308662053329E+00  
+2.309018483685E+00  
+2.309372626145E+00  
+2.309724502153E+00  
+2.310074132896E+00  
+2.310421539299E+00  
+2.310766742034E+00  
+2.311109761523E+00  
+2.311450617940E+00  
+2.311789331218E+00  
+2.312125921049E+00  
+2.312460406889E+00  
+2.312792807961E+00  
+2.313123143260E+00  
+2.313451431555E+00  
+2.313777691393E+00  
+2.314101941100E+00  
+2.314424198787E+00  
+2.314744482353E+00  
+2.315062809486E+00  
+2.315379197666E+00  
+2.315693664173E+00  
+2.316006226081E+00  
+2.316316900270E+00  
+2.316625703422E+00  
+2.316932652029E+00  
+2.317237762390E+00  
+2.317541050621E+00  
+2.317842532650E+00  
+2.318142224224E+00  
+2.318440140912E+00  
+2.318736298105E+00  
+2.319030711020E+00  
+2.319323394701E+00  
+2.319614364025E+00  
+2.319903633699E+00  
+2.320191218268E+00  
+2.320477132111E+00  
+2.320761389449E+00  
+2.321044004344E+00  
+2.321324990703E+00  
+2.321604362278E+00  
