    200.0         8.392652312048E-09
    210.0         2.094775027217E-08
    220.0         4.812255001902E-08
    230.0         1.028361994982E-07
    240.0         2.062545387863E-07
    250.0         3.911973207836E-07
    260.0         7.061681091047E-07
    270.0         1.219893188274E-06
    280.0         2.026209175717E-06
    290.0         3.249106876244E-06
    300.0         5.047722832311E-06
    310.0         7.621078587012E-06
    320.0         1.121236976440E-05
    330.0         1.611265900812E-05
    340.0         2.266381847124E-05
    350.0         3.126066624085E-05
    360.0         4.235220239250E-05
    370.0         5.644197606009E-05
    380.0         7.408754125981E-05
    390.0         9.589908237269E-05
    400.0         1.225373017890E-04
    410.0         1.547104799656E-04
    420.0         1.931711608465E-04
    430.0         2.387119687248E-04
    440.0         2.921615049366E-04
    450.0         3.543792960381E-04
    460.0         4.262511855791E-04
    470.0         5.086840015617E-04
    480.0         6.026007980287E-04
    490.0         7.089352140394E-04
    500.0         8.286269011390E-04
    510.0         9.626166418690E-04
    520.0         1.111841232038E-03
    530.0         1.277229539400E-03
    540.0         1.459697984647E-03
    550.0         1.660146610157E-03
    560.0         1.879455207851E-03
    570.0         2.118480760704E-03
    580.0         2.378053534004E-03
    590.0         2.658974519467E-03
    600.0         2.962013821356E-03
    610.0         3.287907160132E-03
    620.0         3.637355161456E-03
    630.0         4.011020998926E-03
    640.0         4.409530178541E-03
    650.0         4.833469248330E-03
    660.0         5.283382242652E-03
    670.0         5.759776264523E-03
    680.0         6.263113379669E-03
    690.0         6.793818094990E-03
    700.0         7.352271913584E-03
    710.0         7.938814887821E-03
    720.0         8.553748237191E-03
    730.0         9.197330432196E-03
    740.0         9.869785106708E-03
    750.0         1.057129170920E-02
    760.0         1.130199538122E-02
    770.0         1.206200250981E-02
    780.0         1.285138290174E-02
    790.0         1.367017457697E-02
    800.0         1.451837777717E-02
    810.0         1.539595917923E-02
    820.0         1.630285986084E-02
    830.0         1.723898622323E-02
    840.0         1.820421242705E-02
    850.0         1.919839169741E-02
    860.0         2.022134249801E-02
    870.0         2.127286257781E-02
    880.0         2.235272848027E-02
    890.0         2.346068758767E-02
    900.0         2.459646470023E-02
    910.0         2.575977046813E-02
    920.0         2.695029277145E-02
    930.0         2.816770102602E-02
    940.0         2.941164314309E-02
    950.0         3.068175876080E-02
    960.0         3.197767306765E-02
    970.0         3.329898373202E-02
    980.0         3.464529835930E-02
    990.0         3.601619434564E-02
    1000.0        3.741123718167E-02
    1010.0        3.883000337225E-02
    1020.0        4.027203971374E-02
    1030.0        4.173688968593E-02
    1040.0        4.322410144634E-02
    1050.0        4.473319904058E-02
    1060.0        4.626371279377E-02
    1070.0        4.781516186576E-02
    1080.0        4.938707490447E-02
    1090.0        5.097896403281E-02
    1100.0        5.259033819001E-02
    1110.0        5.422071144888E-02
    1120.0        5.586959683965E-02
    1130.0        5.753649875516E-02
    1140.0        5.922092913608E-02
    1150.0        6.092239186475E-02
    1160.0        6.264040875301E-02
    1170.0        6.437448585179E-02
    1180.0        6.612413962867E-02
    1190.0        6.788888896892E-02
    1200.0        6.966824565850E-02
    1210.0        7.146172363837E-02
    1220.0        7.326887060538E-02
    1230.0        7.508919742430E-02
    1240.0        7.692224985710E-02
    1250.0        7.876755670938E-02
    1260.0        8.062465040711E-02
    1270.0        8.249310245370E-02
    1280.0        8.437244357902E-02
    1290.0        8.626224455185E-02
    1300.0        8.816205763959E-02
    1310.0        9.007145254704E-02
    1320.0        9.199000482845E-02
    1330.0        9.391729602839E-02
    1340.0        9.585290015286E-02
    1350.0        9.779642419202E-02
    1360.0        9.974745414962E-02
    1370.0        1.017056103107E-01
    1380.0        1.036704910218E-01
    1390.0        1.056417151120E-01
    1400.0        1.076189080131E-01
    1410.0        1.096016861788E-01
    1420.0        1.115897193279E-01
    1430.0        1.135826051936E-01
    1440.0        1.155800436770E-01
    1450.0        1.175816610071E-01
    1460.0        1.195871219518E-01
    1470.0        1.215960979945E-01
    1480.0        1.236082849495E-01
    1490.0        1.256233327135E-01
    1500.0        1.276409683552E-01
    1510.0        1.296608538943E-01
    1520.0        1.316827119781E-01
    1530.0        1.337062538792E-01
    1540.0        1.357311973671E-01
    1550.0        1.377572470005E-01
    1560.0        1.397841524600E-01
    1570.0        1.418116304458E-01
    1580.0        1.438394438207E-01
    1590.0        1.458673211790E-01
    1600.0        1.478950171989E-01
    1610.0        1.499222926253E-01
    1620.0        1.519489358878E-01
    1630.0        1.539746985378E-01
    1640.0        1.559993590790E-01
    1650.0        1.580227017802E-01
    1660.0        1.600445165962E-01
    1670.0        1.620645759473E-01
    1680.0        1.640827269038E-01
    1690.0        1.660987531374E-01
    1700.0        1.681124425180E-01
    1710.0        1.701236356209E-01
    1720.0        1.721321547785E-01
    1730.0        1.741378274222E-01
    1740.0        1.761404608395E-01
    1750.0        1.781398915419E-01
    1760.0        1.801360123424E-01
    1770.0        1.821286190358E-01
    1780.0        1.841175624012E-01
    1790.0        1.861027243869E-01
    1800.0        1.880839388386E-01
    1810.0        1.900610700308E-01
    1820.0        1.920340140024E-01
    1830.0        1.940026444472E-01
    1840.0        1.959667832179E-01
    1850.0        1.979263671131E-01
    1860.0        1.998812534907E-01
    1870.0        2.018313601788E-01
    1880.0        2.037765225951E-01
    1890.0        2.057166952680E-01
    1900.0        2.076517495964E-01
    1910.0        2.095815894124E-01
    1920.0        2.115061220631E-01
    1930.0        2.134252583332E-01
    1940.0        2.153389431472E-01
    1950.0        2.172470326584E-01
    1960.0        2.191494780174E-01
    1970.0        2.210462346079E-01
    1980.0        2.229371663658E-01
    1990.0        2.248222344691E-01
    2000.0        2.267013716997E-01
    2010.0        2.285745136987E-01
    2020.0        2.304415988985E-01
    2030.0        2.323025684568E-01
    2040.0        2.341573661903E-01
    2050.0        2.360059047692E-01
    2060.0        2.378482003561E-01
    2070.0        2.396841366181E-01
    2080.0        2.415137011209E-01
    2090.0        2.433368500365E-01
    2100.0        2.451535067726E-01
    2110.0        2.469637018696E-01
    2120.0        2.487673278296E-01
    2130.0        2.505643488647E-01
    2140.0        2.523548034309E-01
    2150.0        2.541385886759E-01
    2160.0        2.559157114533E-01
    2170.0        2.576861078407E-01
    2180.0        2.594498260736E-01
    2190.0        2.612067314314E-01
    2200.0        2.629569135792E-01
    2210.0        2.647002776154E-01
    2220.0        2.664368426235E-01
    2230.0        2.681665535926E-01
    2240.0        2.698894333011E-01
    2250.0        2.716054293496E-01
    2260.0        2.733145680319E-01
    2270.0        2.750168387314E-01
    2280.0        2.767121926532E-01
    2290.0        2.784006610441E-01
    2300.0        2.800821973163E-01
    2310.0        2.817568358174E-01
    2320.0        2.834245320172E-01
    2330.0        2.850853232095E-01
    2340.0        2.867391667793E-01
    2350.0        2.883861028198E-01
    2360.0        2.900260904949E-01
    2370.0        2.916591725563E-01
    2380.0        2.932853098168E-01
    2390.0        2.949045053604E-01
    2400.0        2.965168481007E-01
    2410.0        2.981222164798E-01
    2420.0        2.997207015131E-01
    2430.0        3.013122676096E-01
    2440.0        3.028969658059E-01
    2450.0        3.044747617526E-01
    2460.0        3.060457085852E-01
    2470.0        3.076097730915E-01
    2480.0        3.091669661580E-01
    2490.0        3.107173438658E-01
    2500.0        3.122608745272E-01
    2510.0        3.137975711555E-01
    2520.0        3.153274925488E-01
    2530.0        3.168506083379E-01
    2540.0        3.183669790121E-01
    2550.0        3.198765749728E-01
    2560.0        3.213794123198E-01
    2570.0        3.228755539125E-01
    2580.0        3.243649711617E-01
    2590.0        3.258476817687E-01
    2600.0        3.273237039312E-01
    2610.0        3.287931033791E-01
    2620.0        3.302558526127E-01
    2630.0        3.317120186803E-01
    2640.0        3.331615745239E-01
    2650.0        3.346045405488E-01
    2660.0        3.360409375528E-01
    2670.0        3.374708350100E-01
    2680.0        3.388942065641E-01
    2690.0        3.403110740937E-01
    2700.0        3.417215087191E-01
    2710.0        3.431254353488E-01
    2720.0        3.445229748343E-01
    2730.0        3.459141508955E-01
    2740.0        3.472988881032E-01
    2750.0        3.486773093379E-01
    2760.0        3.500493889970E-01
    2770.0        3.514151512298E-01
    2780.0        3.527746709101E-01
    2790.0        3.541279225244E-01
    2800.0        3.554749308701E-01
    2810.0        3.568157209397E-01
    2820.0        3.581503691784E-01
    2830.0        3.594787985925E-01
    2840.0        3.608011374229E-01
    2850.0        3.621173600701E-01
    2860.0        3.634275443735E-01
    2870.0        3.647316124200E-01
    2880.0        3.660296945242E-01
    2890.0        3.673217648556E-01
    2900.0        3.686078497201E-01
    2910.0        3.698880284787E-01
    2920.0        3.711622219128E-01
    2930.0        3.724305626997E-01
    2940.0        3.736930245551E-01
    2950.0        3.749496342204E-01
    2960.0        3.762004723612E-01
    2970.0        3.774454583054E-01
    2980.0        3.786847268659E-01
    2990.0        3.799182511468E-01
    3000.0        3.811460581508E-01
    3010.0        3.823681749147E-01
    3020.0        3.835846834223E-01
    3030.0        3.847955010984E-01
    3040.0        3.860007650573E-01
    3050.0        3.872004474955E-01
    3060.0        3.883945755348E-01
    3070.0        3.895831762991E-01
    3080.0        3.907663328587E-01
    3090.0        3.919439605981E-01
    3100.0        3.931161986848E-01
    3110.0        3.942830182529E-01
    3120.0        3.954444463654E-01
    3130.0        3.966005100605E-01
    3140.0        3.977512933001E-01
    3150.0        3.988967093231E-01
    3160.0        4.000368991376E-01
    3170.0        4.011717752499E-01
    3180.0        4.023014792400E-01
    3190.0        4.034259806404E-01
    3200.0        4.045453062126E-01
    3210.0        4.056595407527E-01
    3220.0        4.067685949017E-01
    3230.0        4.078726115863E-01
    3240.0        4.089715006904E-01
    3250.0        4.100654056503E-01
    3260.0        4.111542944651E-01
    3270.0        4.122381934685E-01
    3280.0        4.133171289239E-01
    3290.0        4.143911863610E-01
    3300.0        4.154602733677E-01
    3310.0        4.165245348121E-01
    3320.0        4.175838775105E-01
    3330.0        4.186384467811E-01
    3340.0        4.196882087669E-01
    3350.0        4.207331891719E-01
    3360.0        4.217734136127E-01
    3370.0        4.228089076173E-01
    3380.0        4.238397573191E-01
    3390.0        4.248658668192E-01
    3400.0        4.258873829078E-01
    3410.0        4.269042089085E-01
    3420.0        4.279164920073E-01
    3430.0        4.289241961762E-01
    3440.0        4.299273462787E-01
    3450.0        4.309259670788E-01
    3460.0        4.319200832396E-01
    3470.0        4.329097193217E-01
    3480.0        4.338948997840E-01
    3490.0        4.348757112605E-01
    3500.0        4.358520535812E-01
    3510.0        4.368240755897E-01
    3520.0        4.377916763430E-01
    3530.0        4.387550050292E-01
    3540.0        4.397140229096E-01
    3550.0        4.406687536972E-01
    3560.0        4.416192209957E-01
    3570.0        4.425654482990E-01
    3580.0        4.435074589913E-01
    3590.0        4.444453399989E-01
    3600.0        4.453789873110E-01
    3610.0        4.463084874974E-01
    3620.0        4.472339275496E-01
    3630.0        4.481552665046E-01
    3640.0        4.490724627564E-01
    3650.0        4.499856674081E-01
    3660.0        4.508948387587E-01
    3670.0        4.517999991809E-01
    3680.0        4.527011709320E-01
    3690.0        4.535983761566E-01
    3700.0        4.544916368852E-01
    3710.0        4.553809750339E-01
    3720.0        4.562664124046E-01
    3730.0        4.571480361611E-01
    3740.0        4.580257370497E-01
    3750.0        4.588996676070E-01
    3760.0        4.597697178457E-01
    3770.0        4.606360405756E-01
    3780.0        4.614985250815E-01
    3790.0        4.623573244418E-01
    3800.0        4.632123935635E-01
    3810.0        4.640637532186E-01
    3820.0        4.649114240632E-01
    3830.0        4.657554266408E-01
    3840.0        4.665957813794E-01
    3850.0        4.674325085958E-01
    3860.0        4.682656284913E-01
    3870.0        4.690951611549E-01
    3880.0        4.699211938718E-01
    3890.0        4.707436120032E-01
    3900.0        4.715625024907E-01
    3910.0        4.723779526344E-01
    3920.0        4.731898467520E-01
    3930.0        4.739983396972E-01
    3940.0        4.748033150984E-01
    3950.0        4.756049280509E-01
    3960.0        4.764031297391E-01
    3970.0        4.771979391299E-01
    3980.0        4.779893750819E-01
    3990.0        4.787773877621E-01
    4000.0        4.795621328577E-01
