    200.0         4.385616648424E+02    
    210.0         2.969450093189E+02    
    220.0         2.084519326392E+02    
    230.0         1.510259972608E+02    
    240.0         1.125065681876E+02    
    250.0         8.590402388260E+01    
    260.0         6.705011269678E+01    
    270.0         5.337621630232E+01    
    280.0         4.325228072539E+01    
    290.0         3.561617867116E+01    
    300.0         2.975911332985E+01    
    310.0         2.519775004244E+01    
    320.0         2.159593368880E+01    
    330.0         1.871561677736E+01    
    340.0         1.638543307041E+01    
    350.0         1.448013446621E+01    
    360.0         1.290687920693E+01    
    370.0         1.159597240929E+01    
    380.0         1.049444486147E+01    
    390.0         9.561605203549E+00    
    400.0         8.765859012417E+00    
    410.0         8.082442418405E+00    
    420.0         7.491768482272E+00    
    430.0         6.978211288362E+00    
    440.0         6.529210373657E+00    
    450.0         6.134589957250E+00    
    460.0         5.786050338537E+00    
    470.0         5.476776718838E+00    
    480.0         5.201138832921E+00    
    490.0         4.954457056721E+00    
    500.0         4.732820292154E+00    
    510.0         4.532943250685E+00    
    520.0         4.352051294968E+00    
    530.0         4.187791824738E+00    
    540.0         4.038157551806E+00    
    550.0         3.901432988686E+00    
    560.0         3.776141725352E+00    
    570.0         3.661010720118E+00    
    580.0         3.554937212946E+00    
    590.0         3.456963576568E+00    
    600.0         3.366253435370E+00    
    610.0         3.282075790095E+00    
    620.0         3.203788382782E+00    
    630.0         3.130826111166E+00    
    640.0         3.062689905487E+00    
    650.0         2.998938237264E+00    
    660.0         2.939178150789E+00    
    670.0         2.883061099059E+00    
    680.0         2.830275596168E+00    
    690.0         2.780542137157E+00    
    700.0         2.733611307765E+00    
    710.0         2.689258974405E+00    
    720.0         2.647282485919E+00    
    730.0         2.607499326545E+00    
    740.0         2.569744828470E+00    
    750.0         2.533869415040E+00    
    760.0         2.499737674583E+00    
    770.0         2.467226092036E+00    
    780.0         2.436222499585E+00    
    790.0         2.406624173656E+00    
    800.0         2.378337921243E+00    
    810.0         2.351277013037E+00    
    820.0         2.325363633135E+00    
    830.0         2.300525301930E+00    
    840.0         2.276695686847E+00    
    850.0         2.253813691070E+00    
    860.0         2.231822625504E+00    
    870.0         2.210670451909E+00    
    880.0         2.190309043652E+00    
    890.0         2.170693834365E+00    
    900.0         2.151783502810E+00    
    910.0         2.133539689793E+00    
    920.0         2.115926743464E+00    
    930.0         2.098911174566E+00    
    940.0         2.082462400237E+00    
    950.0         2.066551290366E+00    
    960.0         2.051151254243E+00    
    970.0         2.036236841272E+00    
    980.0         2.021784534571E+00    
    990.0         2.007772612751E+00    
    1000.0        1.994180127753E+00    
    1010.0        1.980988008297E+00    
    1020.0        1.968177764676E+00    
    1030.0        1.955732299881E+00    
    1040.0        1.943635819757E+00    
    1050.0        1.931872883712E+00    
    1060.0        1.920429505168E+00    
    1070.0        1.909291930374E+00    
    1080.0        1.898447450853E+00    
    1090.0        1.887884342886E+00    
    1100.0        1.877590970371E+00    
    1110.0        1.867556872742E+00    
    1120.0        1.857771599328E+00    
    1130.0        1.848225790859E+00    
    1140.0        1.838910306818E+00    
    1150.0        1.829816201106E+00    
    1160.0        1.820935514235E+00    
    1170.0        1.812260421466E+00    
    1180.0        1.803783214504E+00    
    1190.0        1.795497087229E+00    
    1200.0        1.787395302006E+00    
    1210.0        1.779471441009E+00    
    1220.0        1.771719387382E+00    
    1230.0        1.764133307730E+00    
    1240.0        1.756707635783E+00    
    1250.0        1.749437057197E+00    
    1260.0        1.742316495354E+00    
    1270.0        1.735341098121E+00    
    1280.0        1.728506225475E+00    
    1290.0        1.721807693900E+00    
    1300.0        1.715240740673E+00    
    1310.0        1.708801806565E+00    
    1320.0        1.702486988530E+00    
    1330.0        1.696292292897E+00    
    1340.0        1.690214133787E+00    
    1350.0        1.684249320411E+00    
    1360.0        1.678394297706E+00    
    1370.0        1.672646141556E+00    
    1380.0        1.667001553883E+00    
    1390.0        1.661457851283E+00    
    1400.0        1.656012213717E+00    
    1410.0        1.650661928211E+00    
    1420.0        1.645404139811E+00    
    1430.0        1.640236580201E+00    
    1440.0        1.635156828041E+00    
    1450.0        1.630162308738E+00    
    1460.0        1.625251257331E+00    
    1470.0        1.620421263072E+00    
    1480.0        1.615669995050E+00    
    1490.0        1.610995914220E+00    
    1500.0        1.606396594557E+00    
    1510.0        1.601870631189E+00    
    1520.0        1.597415968510E+00    
    1530.0        1.593030850783E+00    
    1540.0        1.588713581003E+00    
    1550.0        1.584462752760E+00    
    1560.0        1.580276543506E+00    
    1570.0        1.576153418041E+00    
    1580.0        1.572091890682E+00    
    1590.0        1.568090755019E+00    
    1600.0        1.564148385419E+00    
    1610.0        1.560263663582E+00    
    1620.0        1.556435050915E+00    
    1630.0        1.552661510295E+00    
    1640.0        1.548941583489E+00    
    1650.0        1.545274080072E+00    
    1660.0        1.541658300686E+00    
    1670.0        1.538092667704E+00    
    1680.0        1.534576094181E+00    
    1690.0        1.531107751044E+00    
    1700.0        1.527686612361E+00    
    1710.0        1.524311681826E+00    
    1720.0        1.520981767307E+00    
    1730.0        1.517696377796E+00    
    1740.0        1.514454151307E+00    
    1750.0        1.511254201158E+00    
    1760.0        1.508096109974E+00    
    1770.0        1.504978814640E+00    
    1780.0        1.501901276966E+00    
    1790.0        1.498863145511E+00    
    1800.0        1.495863204728E+00    
    1810.0        1.492901143322E+00    
    1820.0        1.489975788252E+00    
    1830.0        1.487086646563E+00    
    1840.0        1.484233242114E+00    
    1850.0        1.481414678713E+00    
    1860.0        1.478630079380E+00    
    1870.0        1.475879237567E+00    
    1880.0        1.473161309029E+00    
    1890.0        1.470475683452E+00    
    1900.0        1.467821981822E+00    
    1910.0        1.465199191452E+00    
    1920.0        1.462607178063E+00    
    1930.0        1.460045173614E+00    
    1940.0        1.457512639527E+00    
    1950.0        1.455009264253E+00    
    1960.0        1.452534320089E+00    
    1970.0        1.450087306365E+00    
    1980.0        1.447667947137E+00    
    1990.0        1.445275551516E+00    
    2000.0        1.442909653397E+00    
    2010.0        1.440570009253E+00    
    2020.0        1.438255961865E+00    
    2030.0        1.435967287717E+00    
    2040.0        1.433703350465E+00    
    2050.0        1.431463945427E+00    
    2060.0        1.429248455957E+00    
    2070.0        1.427056485507E+00    
    2080.0        1.424887855618E+00    
    2090.0        1.422742186121E+00    
    2100.0        1.420618896590E+00    
    2110.0        1.418517832593E+00    
    2120.0        1.416438430360E+00    
    2130.0        1.414380550351E+00    
    2140.0        1.412343851881E+00    
    2150.0        1.410327794539E+00    
    2160.0        1.408332259592E+00    
    2170.0        1.406356927552E+00    
    2180.0        1.404401279567E+00    
    2190.0        1.402465216029E+00    
    2200.0        1.400548436996E+00    
    2210.0        1.398650443542E+00    
    2220.0        1.396771153667E+00    
    2230.0        1.394910285471E+00    
    2240.0        1.393067562760E+00    
    2250.0        1.391242510909E+00    
    2260.0        1.389435069270E+00    
    2270.0        1.387644977908E+00    
    2280.0        1.385871982034E+00    
    2290.0        1.384115831879E+00    
    2300.0        1.382376079962E+00    
    2310.0        1.380652891668E+00    
    2320.0        1.378945626597E+00    
    2330.0        1.377254256445E+00    
    2340.0        1.375578554729E+00    
    2350.0        1.373918299285E+00    
    2360.0        1.372273071145E+00    
    2370.0        1.370643058785E+00    
    2380.0        1.369027851112E+00    
    2390.0        1.367427041974E+00    
    2400.0        1.365840830089E+00    
    2410.0        1.364268616852E+00    
    2420.0        1.362710607380E+00    
    2430.0        1.361166211270E+00    
    2440.0        1.359635440667E+00    
    2450.0        1.358118310159E+00    
    2460.0        1.356614241001E+00    
    2470.0        1.355123452927E+00    
    2480.0        1.353645374563E+00    
    2490.0        1.352180230989E+00    
    2500.0        1.350727457891E+00    
    2510.0        1.349287285434E+00    
    2520.0        1.347859353280E+00    
    2530.0        1.346443304825E+00    
    2540.0        1.345039377392E+00    
    2550.0        1.343647219645E+00    
    2560.0        1.342266680094E+00    
    2570.0        1.340897805957E+00    
    2580.0        1.339540058450E+00    
    2590.0        1.338193490027E+00    
    2600.0        1.336858154728E+00    
    2610.0        1.335533717602E+00    
    2620.0        1.334220041924E+00    
    2630.0        1.332916993247E+00    
    2640.0        1.331624439357E+00    
    2650.0        1.330342250224E+00    
    2660.0        1.329070492213E+00    
    2670.0        1.327808844875E+00    
    2680.0        1.326557184468E+00    
    2690.0        1.325315389260E+00    
    2700.0        1.324083339485E+00    
    2710.0        1.322861110594E+00    
    2720.0        1.321648392969E+00    
    2730.0        1.320445072519E+00    
    2740.0        1.319251036960E+00    
    2750.0        1.318066368324E+00    
    2760.0        1.316890764943E+00    
    2770.0        1.315724119764E+00    
    2780.0        1.314566519395E+00    
    2790.0        1.313417475935E+00    
    2800.0        1.312277271056E+00    
    2810.0        1.311145803665E+00    
    2820.0        1.310022591673E+00    
    2830.0        1.308907920322E+00    
    2840.0        1.307801502154E+00    
    2850.0        1.306703433383E+00    
    2860.0        1.305613429795E+00    
    2870.0        1.304531399679E+00    
    2880.0        1.303457252702E+00    
    2890.0        1.302391089965E+00    
    2900.0        1.301332633392E+00    
    2910.0        1.300281986382E+00    
    2920.0        1.299238873772E+00    
    2930.0        1.298203211736E+00    
    2940.0        1.297175106944E+00    
    2950.0        1.296154288415E+00    
    2960.0        1.295140675943E+00    
    2970.0        1.294134379279E+00    
    2980.0        1.293135131411E+00    
    2990.0        1.292142855558E+00    
    3000.0        1.291157664369E+00    
    3010.0        1.290179482782E+00    
    3020.0        1.289208048779E+00    
    3030.0        1.288243289867E+00    
    3040.0        1.287285134573E+00    
    3050.0        1.286333700005E+00    
    3060.0        1.285388916242E+00    
    3070.0        1.284450527054E+00    
    3080.0        1.283518464886E+00    
    3090.0        1.282592850114E+00    
    3100.0        1.281673429762E+00    
    3110.0        1.280760325741E+00    
    3120.0        1.279853287162E+00    
    3130.0        1.278952437414E+00    
    3140.0        1.278057527626E+00    
    3150.0        1.277168496472E+00    
    3160.0        1.276285469457E+00    
    3170.0        1.275408386489E+00    
    3180.0        1.274537002546E+00    
    3190.0        1.273671259535E+00    
    3200.0        1.272811285602E+00    
    3210.0        1.271957023792E+00    
    3220.0        1.271108232700E+00    
    3230.0        1.270264857261E+00    
    3240.0        1.269427028063E+00    
    3250.0        1.268594691081E+00    
    3260.0        1.267767608324E+00    
    3270.0        1.266945912096E+00    
    3280.0        1.266129366029E+00    
    3290.0        1.265317919231E+00    
    3300.0        1.264511705625E+00    
    3310.0        1.263710675241E+00    
    3320.0        1.262914594828E+00    
    3330.0        1.262123599846E+00    
    3340.0        1.261337458535E+00    
    3350.0        1.260556307331E+00    
    3360.0        1.259780099352E+00    
    3370.0        1.259008604994E+00    
    3380.0        1.258241778905E+00    
    3390.0        1.257479759365E+00    
    3400.0        1.256722501791E+00    
    3410.0        1.255969779316E+00    
    3420.0        1.255221731522E+00    
    3430.0        1.254478132855E+00    
    3440.0        1.253739123722E+00    
    3450.0        1.253004662217E+00    
    3460.0        1.252274524687E+00    
    3470.0        1.251548852725E+00    
    3480.0        1.250827423903E+00    
    3490.0        1.250110380568E+00    
    3500.0        1.249397683292E+00    
    3510.0        1.248689111423E+00    
    3520.0        1.247984808391E+00    
    3530.0        1.247284554686E+00    
    3540.0        1.246588494429E+00    
    3550.0        1.245896409225E+00    
    3560.0        1.245208625014E+00    
    3570.0        1.244524562069E+00    
    3580.0        1.243844728020E+00    
    3590.0        1.243168725461E+00    
    3600.0        1.242496700440E+00    
    3610.0        1.241828437734E+00    
    3620.0        1.241164083987E+00    
    3630.0        1.240503424980E+00    
    3640.0        1.239846788253E+00    
    3650.0        1.239193780041E+00    
    3660.0        1.238544368009E+00    
    3670.0        1.237898700201E+00    
    3680.0        1.237256744715E+00    
    3690.0        1.236618470012E+00    
    3700.0        1.235983665192E+00    
    3710.0        1.235352299723E+00    
    3720.0        1.234724702456E+00    
    3730.0        1.234100484113E+00    
    3740.0        1.233479794508E+00    
    3750.0        1.232862424943E+00    
    3760.0        1.232248525698E+00    
    3770.0        1.231638067955E+00    
    3780.0        1.231030844273E+00    
    3790.0        1.230427184450E+00    
    3800.0        1.229826524064E+00    
    3810.0        1.229229372097E+00    
    3820.0        1.228635343864E+00    
    3830.0        1.228044591154E+00    
    3840.0        1.227456908906E+00    
    3850.0        1.226872627602E+00    
    3860.0        1.226291364459E+00    
    3870.0        1.225713093934E+00    
    3880.0        1.225137968783E+00    
    3890.0        1.224565963741E+00    
    3900.0        1.223997053814E+00    
    3910.0        1.223431214276E+00    
    3920.0        1.222868242992E+00    
    3930.0        1.222308116023E+00    
    3940.0        1.221751164677E+00    
    3950.0        1.221197010176E+00    
    3960.0        1.220645806661E+00    
    3970.0        1.220097530934E+00    
    3980.0        1.219551982885E+00    
    3990.0        1.219009317123E+00    
    4000.0        1.218469511171E+00    
